       2600000.0       335000.00   9.5690001e-12
       2589641.4       332487.25   9.5945113e-12
       2579282.9       329983.40   9.6201931e-12
       2568924.3       327529.99   9.6468797e-12
       2558565.7       325043.95   9.6729176e-12
       2548207.2       322566.80   9.6991318e-12
       2537848.6       320098.56   9.7255244e-12
       2527490.0       317639.23   9.7520973e-12
       2517131.5       315188.81   9.7788525e-12
       2506772.9       312747.31   9.8057920e-12
       2496414.3       310314.73   9.8329178e-12
       2486055.8       307891.07   9.8602322e-12
       2475697.2       305476.33   9.8877371e-12
       2465338.6       303070.53   9.9154349e-12
       2454980.1       300673.65   9.9433278e-12
       2444621.5       298285.71   9.9714181e-12
       2434262.9       295906.69   9.9997082e-12
       2423904.4       293536.59   1.0028201e-11
       2413545.8       291175.42   1.0056898e-11
       2403187.3       288823.15   1.0085803e-11
       2392828.7       286479.78   1.0114919e-11
       2382470.1       284145.27   1.0144249e-11
       2372111.6       281819.59   1.0173797e-11
       2361753.0       279502.70   1.0203567e-11
       2351394.4       277194.51   1.0233564e-11
       2341035.9       274894.92   1.0263794e-11
       2330677.3       272603.80   1.0294264e-11
       2320318.7       270320.93   1.0324983e-11
       2309960.2       268046.04   1.0355963e-11
       2299601.6       265778.72   1.0387219e-11
       2289243.0       263518.43   1.0418771e-11
       2278884.5       261264.40   1.0450647e-11
       2268525.9       259015.56   1.0482881e-11
       2258167.3       256770.42   1.0515524e-11
       2247808.8       254526.93   1.0548643e-11
       2237450.2       252282.20   1.0582330e-11
       2227091.6       250032.22   1.0616713e-11
       2216733.1       247771.55   1.0651966e-11
       2206374.5       245492.36   1.0688333e-11
       2196015.9       243183.75   1.0726152e-11
       2185657.4       240831.81   1.0765879e-11
       2175298.8       238414.43   1.0808174e-11
       2164940.2       235902.14   1.0853944e-11
       2154581.7       233263.10   1.0904338e-11
       2144223.1       230425.93   1.0961261e-11
       2133864.5       227316.94   1.1027079e-11
       2123506.0       223890.27   1.1104419e-11
       2113147.4       219837.09   1.1199700e-11
       2102788.8       215069.97   1.1318060e-11
       2092430.3       209710.02   1.1463696e-11
       2082071.7       204186.86   1.1639223e-11
       2071713.1       198714.81   1.1852303e-11
       2061354.6       193268.71   1.2117180e-11
       2050996.0       187815.02   1.2453510e-11
       2040637.5       182304.58   1.2888993e-11
       2030278.9       176674.71   1.3461685e-11
       2019920.3       170841.38   1.4223723e-11
       2009561.8       164661.57   1.5251053e-11
       1999203.2       157991.57   1.6643881e-11
       1988844.6       150619.18   1.8538821e-11
       1978486.1       142047.27   2.1154671e-11
       1968127.5       132128.04   2.4737201e-11
       1957768.9       120238.26   2.9641462e-11
       1947410.4       104171.11   3.6579368e-11
       1937051.8       85874.763   4.5958502e-11
       1926693.2       67551.080   5.8193994e-11
       1916334.7       53093.955   7.3424487e-11
       1905976.1       41710.980   9.2266817e-11
       1895617.5       32773.743   1.1535978e-10
       1885259.0       25784.740   1.4334043e-10
       1874900.4       20348.963   1.7691453e-10
       1864541.8       16169.535   2.1627214e-10
       1854183.3       13011.149   2.6125853e-10
       1843824.7       10674.554   3.1193855e-10
       1833466.1       9116.2659   3.6398556e-10
       1823107.6       8202.3427   4.1325273e-10
       1812749.0       7735.9206   4.5851640e-10
       1802390.4       7430.2987   5.0303493e-10
       1792031.9       7159.8006   5.4954015e-10
       1781673.3       6927.8147   5.9747462e-10
       1771314.7       6747.8735   6.4491352e-10
       1760956.2       6640.9868   6.8825569e-10
       1750597.6       6594.6201   7.2776356e-10
       1740239.0       6583.9360   7.6533832e-10
       1729880.5       6573.2115   8.0509901e-10
       1719521.9       6562.4484   8.4718787e-10
       1709163.3       6551.6497   8.9175763e-10
       1698804.8       6540.8194   9.3897242e-10
       1688446.2       6529.9630   9.8900875e-10
       1678087.6       6519.0891   1.0420570e-09
       1667729.1       6508.2095   1.0983225e-09
       1657370.5       6497.3391   1.1580268e-09
       1647012.0       6486.5035   1.2214118e-09
       1636653.4       6475.7345   1.2887391e-09
       1626294.8       6465.0655   1.3602901e-09
       1615936.3       6454.5874   1.4363888e-09
       1605577.7       6444.3673   1.5173737e-09
       1595219.1       6434.4503   1.6035985e-09
       1584860.6       6425.2700   1.6955913e-09
       1574502.0       6416.7526   1.7937252e-09
       1564143.4       6408.8102   1.8983861e-09
       1553784.9       6400.9002   2.0097957e-09
       1543426.3       6393.0046   2.1283797e-09
       1533067.7       6385.1454   2.2545857e-09
       1522709.2       6377.3617   2.3888379e-09
       1512350.6       6369.6803   2.5316284e-09
       1501992.0       6362.1686   2.6833623e-09
       1491633.5       6354.9693   2.8442157e-09
       1481274.9       6348.0341   3.0149676e-09
       1470916.3       6341.2637   3.1966166e-09
       1460557.8       6334.4604   3.3905775e-09
       1450199.2       6327.6271   3.5977626e-09
       1439840.6       6320.7673   3.8191530e-09
       1429482.1       6313.8863   4.0558010e-09
       1419123.5       6306.9925   4.3088269e-09
       1408764.9       6300.0959   4.5794317e-09
       1398406.4       6293.2110   4.8688878e-09
       1388047.8       6286.3659   5.1784963e-09
       1377689.2       6279.5791   5.5096955e-09
       1367330.7       6272.8935   5.8639131e-09
       1356972.1       6266.4171   6.2423285e-09
       1346613.5       6260.1117   6.6468796e-09
       1336255.0       6253.9063   7.0797872e-09
       1325896.4       6247.6450   7.5438151e-09
       1315537.8       6241.3215   8.0411556e-09
       1305179.3       6234.9288   8.5741439e-09
       1294820.7       6228.4536   9.1449321e-09
       1284462.2       6221.8807   9.7557055e-09
       1274103.6       6215.1981   1.0409077e-08
       1263745.0       6208.3559   1.1105460e-08
       1253386.5       6201.3257   1.1846537e-08
       1243027.9       6194.1164   1.2636713e-08
       1232669.3       6186.7794   1.3483690e-08
       1222310.8       6179.3404   1.4394833e-08
       1211952.2       6171.7798   1.5375398e-08
       1201593.6       6164.0764   1.6431110e-08
       1191235.1       6156.1774   1.7567857e-08
       1180876.5       6148.0414   1.8792180e-08
       1170517.9       6139.6389   2.0111357e-08
       1160159.4       6130.7258   2.1530881e-08
       1149800.8       6121.3292   2.3059704e-08
       1139442.2       6111.4930   2.4707811e-08
       1129083.7       6101.5104   2.6488964e-08
       1118725.1       6091.3921   2.8415167e-08
       1108366.5       6081.1106   3.0498981e-08
       1098008.0       6070.6311   3.2753983e-08
       1087649.4       6059.9146   3.5194982e-08
       1077290.8       6048.8740   3.7836748e-08
       1066932.3       6037.4299   4.0695697e-08
       1056573.7       6025.5191   4.3790405e-08
       1046215.1       6012.7648   4.7131380e-08
       1035856.6       5999.1348   5.0740443e-08
       1025498.0       5984.6634   5.4644125e-08
       1015139.4       5969.7306   5.8882878e-08
       1004780.9       5954.3561   6.3490742e-08
       994422.31       5938.3696   6.8500018e-08
       984063.75       5921.5863   7.3945604e-08
       973705.18       5903.8817   7.9866751e-08
       963346.61       5884.5494   8.6294435e-08
       952988.05       5863.3167   9.3269363e-08
       942629.48       5840.4218   1.0084595e-07
       932270.92       5816.7935   1.0909820e-07
       921912.35       5792.9748   1.1809806e-07
       911553.78       5768.9658   1.2790850e-07
       901195.22       5744.7130   1.3860339e-07
       890836.65       5720.2343   1.5024168e-07
       880478.09       5695.5745   1.6287447e-07
       870119.52       5670.3587   1.7661832e-07
       859760.96       5644.0256   1.9163165e-07
       849402.39       5616.0457   2.0811583e-07
       839043.82       5585.2599   2.2622323e-07
       828685.26       5550.9972   2.4612936e-07
       818326.69       5513.6561   2.6804483e-07
       807968.13       5474.7247   2.9221990e-07
       797609.56       5435.2615   3.1893394e-07
       787251.00       5395.1452   3.4848914e-07
       776892.43       5354.2426   3.8122848e-07
       766533.86       5312.2338   4.1753447e-07
       756175.30       5268.8575   4.5784423e-07
       745816.73       5223.9067   5.0266053e-07
       735458.17       5175.9434   5.5250599e-07
       725099.60       5125.0586   6.0803357e-07
       714741.04       5071.3703   6.7001204e-07
       704382.47       5016.5326   7.3936400e-07
       694023.90       4960.6352   8.1707579e-07
       683665.34       4902.6135   9.0438205e-07
       673306.77       4842.8602   1.0024924e-06
       662948.21       4781.8187   1.1127466e-06
       652589.64       4721.1333   1.2364879e-06
       642231.08       4661.0078   1.3753447e-06
       631872.51       4601.6238   1.5310448e-06
       621513.94       4543.5388   1.7055463e-06
       611155.38       4487.5508   1.9009177e-06
       600796.81       4434.4096   2.1196066e-06
       590438.25       4385.9059   2.3633735e-06
       580079.68       4343.9733   2.6337752e-06
       569721.12       4308.3749   2.9336517e-06
       559362.55       4277.6085   3.2666868e-06
       549003.98       4249.6767   3.6375763e-06
       538645.42       4226.8367   4.0473333e-06
       528286.85       4210.5596   4.4969791e-06
       517928.29       4200.6702   4.9899634e-06
       507569.72       4194.8703   5.5335072e-06
       497211.16       4193.7748   6.1274110e-06
       486852.59       4197.9012   6.7738440e-06
       476494.02       4206.7869   7.4786600e-06
       466135.46       4217.7495   8.2548886e-06
       455776.89       4230.0257   9.1097409e-06
       445418.33       4243.8622   1.0048729e-05
       435059.76       4260.1557   1.1065511e-05
       424701.20       4279.7660   1.2150383e-05
       414342.63       4302.3906   1.3314468e-05
       403984.06       4326.9345   1.4584693e-05
       393625.50       4352.1977   1.5994292e-05
       383266.93       4378.1964   1.7555469e-05
       372908.37       4404.9461   1.9281382e-05
       362549.80       4432.4240   2.1175032e-05
       352191.24       4460.6146   2.3240581e-05
       341832.67       4489.5216   2.5487272e-05
       331474.10       4518.8785   2.7845494e-05
       321115.54       4548.7030   3.0312094e-05
       310756.97       4579.1001   3.2909291e-05
       300398.41       4610.4924   3.5754046e-05
       290039.84       4642.9984   3.8896305e-05
       279681.27       4676.6273   4.2358587e-05
       269322.71       4711.3694   4.6160527e-05
       258964.14       4747.0914   5.0288460e-05
       248605.58       4783.7309   5.4743778e-05
       238247.01       4821.1349   5.9502874e-05
       227888.45       4858.3958   6.4319967e-05
       217529.88       4895.8364   6.9246046e-05
       207171.31       4933.9251   7.4369618e-05
       196812.75       4974.0525   8.0044438e-05
       186454.18       5016.3356   8.6315563e-05
       176095.62       5060.8896   9.3228337e-05
       165737.05       5107.7434   0.00010078729
       155378.49       5156.8701   0.00010896094
       145019.92       5208.2784   0.00011773573
       134661.35       5261.3610   0.00012679178
       124302.79       5315.6118   0.00013577574
       113944.22       5371.0693   0.00014463855
       103585.66       5428.4223   0.00015365496
       93227.092       5488.6687   0.00016325523
       82868.526       5549.5016   0.00017273971
       72509.960       5609.9949   0.00018176934
       62151.394       5671.3875   0.00019053625
       51792.829       5727.4114   0.00019847218
       41434.263       5781.0667   0.00020631358
       31075.697       5840.0000   0.00021519999
