       2589803.9   9.5941098e-12
       2579607.8   9.6193848e-12
       2569411.8   9.6456325e-12
       2559215.7   9.6712521e-12
       2549019.6   9.6970426e-12
       2538823.5   9.7230056e-12
       2528627.5   9.7491432e-12
       2518431.4   9.7754571e-12
       2508235.3   9.8019494e-12
       2498039.2   9.8286219e-12
       2487843.1   9.8554767e-12
       2477647.1   9.8825157e-12
       2467451.0   9.9097412e-12
       2457254.9   9.9371551e-12
       2447058.8   9.9647597e-12
       2436862.7   9.9925573e-12
       2426666.7   1.0020550e-11
       2416470.6   1.0048741e-11
       2406274.5   1.0077131e-11
       2396078.4   1.0105725e-11
       2385882.4   1.0134525e-11
       2375686.3   1.0163534e-11
       2365490.2   1.0192755e-11
       2355294.1   1.0222194e-11
       2345098.0   1.0251855e-11
       2334902.0   1.0281743e-11
       2324705.9   1.0311866e-11
       2314509.8   1.0342233e-11
       2304313.7   1.0372856e-11
       2294117.6   1.0403751e-11
       2283921.6   1.0434936e-11
       2273725.5   1.0466439e-11
       2263529.4   1.0498298e-11
       2253333.3   1.0530562e-11
       2243137.3   1.0563298e-11
       2232941.2   1.0596601e-11
       2222745.1   1.0630600e-11
       2212549.0   1.0665471e-11
       2202352.9   1.0701464e-11
       2192156.9   1.0738921e-11
       2181960.8   1.0778299e-11
       2171764.7   1.0820283e-11
       2161568.6   1.0865780e-11
       2151372.5   1.0915925e-11
       2141176.5   1.0972785e-11
       2130980.4   1.1038587e-11
       2120784.3   1.1115833e-11
       2110588.2   1.1212192e-11
       2100392.2   1.1330845e-11
       2090196.1   1.1475940e-11
       2080000.0   1.1648390e-11
       2069803.9   1.1857589e-11
       2059607.8   1.2117470e-11
       2049411.8   1.2447283e-11
       2039215.7   1.2874138e-11
       2029019.6   1.3435229e-11
       2018823.5   1.4181705e-11
       2008627.5   1.5187826e-11
       1998431.4   1.6551309e-11
       1988235.3   1.8407005e-11
       1978039.2   2.0967856e-11
       1967843.1   2.4472323e-11
       1957647.1   2.9278045e-11
       1947451.0   3.6066521e-11
       1937254.9   4.5229318e-11
       1927058.8   5.7150378e-11
       1916862.7   7.1966506e-11
       1906666.7   9.0267308e-11
       1896470.6   1.1268151e-10
       1886274.5   1.3982162e-10
       1876078.4   1.7235185e-10
       1865882.4   2.1059462e-10
       1855686.3   2.5434036e-10
       1845490.2   3.0359119e-10
       1835294.1   3.5531208e-10
       1825098.0   4.0434264e-10
       1814902.0   4.4958439e-10
       1804705.9   4.9306957e-10
       1794509.8   5.3860076e-10
       1784313.7   5.8558773e-10
       1774117.6   6.3327985e-10
       1763921.6   6.7680747e-10
       1753725.5   7.1646519e-10
       1743529.4   7.5278706e-10
       1733333.3   7.9118326e-10
       1723137.3   8.3178621e-10
       1712941.2   8.7473791e-10
       1702745.1   9.2019070e-10
       1692549.0   9.6830825e-10
       1682352.9   1.0192666e-09
       1672156.9   1.0732554e-09
       1661960.8   1.1304794e-09
       1651764.7   1.1911599e-09
       1641568.6   1.2555380e-09
       1631372.5   1.3238733e-09
       1621176.5   1.3964536e-09
       1610980.4   1.4735969e-09
       1600784.3   1.5556337e-09
       1590588.2   1.6429754e-09
       1580392.2   1.7360712e-09
       1570196.1   1.8352760e-09
       1560000.0   1.9408878e-09
       1549803.9   2.0531885e-09
       1539607.8   2.1726053e-09
       1529411.8   2.2995467e-09
       1519215.7   2.4344357e-09
       1509019.6   2.5777593e-09
       1498823.5   2.7297170e-09
       1488627.5   2.8907133e-09
       1478431.4   3.0615044e-09
       1468235.3   3.2432953e-09
       1458039.2   3.4372269e-09
       1447843.1   3.6441847e-09
       1437647.1   3.8651198e-09
       1427451.0   4.1010495e-09
       1417254.9   4.3530563e-09
       1407058.8   4.6222998e-09
       1396862.7   4.9099950e-09
       1386666.7   5.2173977e-09
       1376470.6   5.5458939e-09
       1366274.5   5.8967715e-09
       1356078.4   6.2712474e-09
       1345882.4   6.6711812e-09
       1335686.3   7.0988010e-09
       1325490.2   7.5566709e-09
       1315294.1   8.0468811e-09
       1305098.0   8.5716527e-09
       1294902.0   9.1330365e-09
       1284705.9   9.7330800e-09
       1274509.8   1.0374241e-08
       1264313.7   1.1056947e-08
       1254117.6   1.1782562e-08
       1243921.6   1.2555282e-08
       1233725.5   1.3382361e-08
       1223529.4   1.4271038e-08
       1213333.3   1.5226271e-08
       1203137.3   1.6253449e-08
       1192941.2   1.7358163e-08
       1182745.1   1.8546518e-08
       1172549.0   1.9825305e-08
       1162352.9   2.1200061e-08
       1152156.9   2.2678546e-08
       1141960.8   2.4270126e-08
       1131764.7   2.5987203e-08
       1121568.6   2.7841610e-08
       1111372.5   2.9845115e-08
       1101176.5   3.2010349e-08
       1090980.4   3.4351032e-08
       1080784.3   3.6881375e-08
       1070588.2   3.9616239e-08
       1060392.2   4.2572541e-08
       1050196.1   4.5763799e-08
       1040000.0   4.9204671e-08
       1029803.9   5.2919878e-08
       1019607.8   5.6942105e-08
       1009411.8   6.1308137e-08
       999215.69   6.6048771e-08
       989019.61   7.1195229e-08
       978823.53   7.6782822e-08
       968627.45   8.2848737e-08
       958431.37   8.9418009e-08
       948235.29   9.6540708e-08
       938039.22   1.0427314e-07
       927843.14   1.1269608e-07
       917647.06   1.2186652e-07
       907450.98   1.3184820e-07
       897254.90   1.4271525e-07
       887058.82   1.5449757e-07
       876862.75   1.6727935e-07
       866666.67   1.8117438e-07
       856470.59   1.9637318e-07
       846274.51   2.1304075e-07
       836078.43   2.3132047e-07
       825882.35   2.5139293e-07
       815686.27   2.7346494e-07
       805490.20   2.9779006e-07
       795294.12   3.2463385e-07
       785098.04   3.5429182e-07
       774901.96   3.8709856e-07
       764705.88   4.2342603e-07
       754509.80   4.6370028e-07
       744313.73   5.0840779e-07
       734117.65   5.5805077e-07
       723921.57   6.1327151e-07
       713725.49   6.7481640e-07
       703529.41   7.4358271e-07
       693333.33   8.2052474e-07
       683137.25   9.0682080e-07
       672941.18   1.0036318e-06
       662745.10   1.1122272e-06
       652549.02   1.2339019e-06
       642352.94   1.3702082e-06
       632156.86   1.5227903e-06
       621960.78   1.6935272e-06
       611764.71   1.8843726e-06
       601568.63   2.0976510e-06
       591372.55   2.3351370e-06
       581176.47   2.5981072e-06
       570980.39   2.8893312e-06
       560784.31   3.2121494e-06
       550588.24   3.5711661e-06
       540392.16   3.9678848e-06
       530196.08   4.4026945e-06
       520000.00   4.8787316e-06
       509803.92   5.4019897e-06
       499607.84   5.9751422e-06
       489411.76   6.5977082e-06
       479215.69   7.2751940e-06
       469019.61   8.0187701e-06
       458823.53   8.8371857e-06
       448627.45   9.7350659e-06
       438431.37   1.0714828e-05
       428235.29   1.1756338e-05
       418039.22   1.2870356e-05
       407843.14   1.4072058e-05
       397647.06   1.5404682e-05
       387450.98   1.6879777e-05
       377254.90   1.8509336e-05
       367058.82   2.0302023e-05
       356862.75   2.2258841e-05
       346666.67   2.4386013e-05
       336470.59   2.6662064e-05
       326274.51   2.9029622e-05
       316078.43   3.1511133e-05
       305882.35   3.4164826e-05
       295686.27   3.7095960e-05
       285490.20   4.0325875e-05
       275294.12   4.3876697e-05
       265098.04   4.7752101e-05
       254901.96   5.1943128e-05
       244705.88   5.6454896e-05
       234509.80   6.1153434e-05
       224313.73   6.5920315e-05
       214117.65   7.0802768e-05
       203921.57   7.6017645e-05
       193725.49   8.1784025e-05
       183529.41   8.8144768e-05
       173333.33   9.5143797e-05
       163137.25   0.00010276225
       152941.18   0.00011097434
       142745.10   0.00011976829
       132549.02   0.00012866713
       122352.94   0.00013749530
       112156.86   0.00014617858
       101960.78   0.00015517896
       91764.706   0.00016473482
       81568.627   0.00017401892
       71372.549   0.00018285652
       61176.471   0.00019135197
